31
60
71
74
75
77
78
83
113
122
131
132
133
135
153
155
159
185
196
205
208
210
234
238
239
241
244
273
274
275
280
304
305
306
309
311
312
314
315
317
319
320
321
337
341
343
344
345
349
350
351
352
353
354
355
356
357
358
359
360
380
381
382
385
388
389
390
391
392
393
394
395
396
398
419
420
421
424
425
426
429
430
433
435
437
461
462
464
467
468
471
472
473
474
475
476
477
478
479
503
505
511
512
516
519
520
521
524
548
557
558
560
561
564
565
567
609
610
611
613
647
653
654
655
657
658
660
661
662
665
700
704
706
710
711
717
718
747
749
752
754
755
761
763
764
765
791
794
797
798
799
800
802
809
827
845
847
849
853
854
856
886
887
889
890
894
896
897
898
899
903
936
939
941
943
945
949
985
989
995
996
997
1035
1041
1043
1044
1093
1094
1098
1139
1145
1147
1152
1154
1204
1207
1250
1256
1257
1258
1259
1262
1319
1320
1322
1368
1375
1439
1443
1491
1492
1498
1502
1613
1672
1715
1730
1849
2075
2148
2273
2399
2580
2659
2702
2726
2792
3077
3700
5034
